CeedBasis: dim=1 P=4 Q=4
      qref1d:	 -1.00000000	 -0.44721360	  0.44721360	  1.00000000
   qweight1d:	  0.16666667	  0.83333333	  0.83333333	  0.16666667
    interp1d[0]:	  1.00000000	  0.00000000	  0.00000000	  0.00000000
    interp1d[1]:	  0.00000000	  1.00000000	  0.00000000	  0.00000000
    interp1d[2]:	  0.00000000	  0.00000000	  1.00000000	  0.00000000
    interp1d[3]:	  0.00000000	  0.00000000	  0.00000000	  1.00000000
      grad1d[0]:	 -3.00000000	  4.04508497	 -1.54508497	  0.50000000
      grad1d[1]:	 -0.80901699	  0.00000000	  1.11803399	 -0.30901699
      grad1d[2]:	  0.30901699	 -1.11803399	  0.00000000	  0.80901699
      grad1d[3]:	 -0.50000000	  1.54508497	 -4.04508497	  3.00000000
colograd[0]: -3.00000000  4.04508497 -1.54508497  0.50000000
colograd[1]: -0.80901699  0.00000000  1.11803399 -0.30901699
colograd[2]:  0.30901699 -1.11803399  0.00000000  0.80901699
colograd[3]: -0.50000000  1.54508497 -4.04508497  3.00000000
CeedBasis: dim=1 P=4 Q=4
      qref1d:	 -0.86113631	 -0.33998104	  0.33998104	  0.86113631
   qweight1d:	  0.34785485	  0.65214515	  0.65214515	  0.34785485
    interp1d[0]:	  0.62994317	  0.47255875	 -0.14950343	  0.04700152
    interp1d[1]:	 -0.07069480	  0.97297619	  0.13253993	 -0.03482132
    interp1d[2]:	 -0.03482132	  0.13253993	  0.97297619	 -0.07069480
    interp1d[3]:	  0.04700152	 -0.14950343	  0.47255875	  0.62994317
      grad1d[0]:	 -2.34183742	  2.78794489	 -0.63510411	  0.18899664
      grad1d[1]:	 -0.51670214	 -0.48795249	  1.33790510	 -0.33325047
      grad1d[2]:	  0.33325047	 -1.33790510	  0.48795249	  0.51670214
      grad1d[3]:	 -0.18899664	  0.63510411	 -2.78794489	  2.34183742
colograd[0]: -3.33200024  4.86015442 -2.10878235  0.58062817
colograd[1]: -0.75755761 -0.38441439  1.47067023 -0.32869822
colograd[2]:  0.32869822 -1.47067023  0.38441439  0.75755761
colograd[3]: -0.58062817  2.10878235 -4.86015442  3.33200024
CeedBasis: dim=1 P=4 Q=6
      qref1d:	 -0.93246951	 -0.66120939	 -0.23861919	  0.23861919	  0.66120939	  0.93246951
   qweight1d:	  0.17132449	  0.36076157	  0.46791393	  0.46791393	  0.36076157	  0.17132449
    interp1d[0]:	  0.80861698	  0.25162680	 -0.08850104	  0.02825726
    interp1d[1]:	  0.24627206	  0.87181891	 -0.16831623	  0.05022525
    interp1d[2]:	 -0.11074872	  0.90390542	  0.27492068	 -0.06807738
    interp1d[3]:	 -0.06807738	  0.27492068	  0.90390542	 -0.11074872
    interp1d[4]:	  0.05022525	 -0.16831623	  0.87181891	  0.24627206
    interp1d[5]:	  0.02825726	 -0.08850104	  0.25162680	  0.80861698
      grad1d[0]:	 -2.67089826	  3.41353144	 -1.08235766	  0.33972447
      grad1d[1]:	 -1.52125771	  1.26197697	  0.39104650	 -0.13176576
      grad1d[2]:	 -0.28003483	 -0.86054400	  1.45709197	 -0.31651314
      grad1d[3]:	  0.31651314	 -1.45709197	  0.86054400	  0.28003483
      grad1d[4]:	  0.13176576	 -0.39104650	 -1.26197697	  1.52125771
      grad1d[5]:	 -0.33972447	  1.08235766	 -3.41353144	  2.67089826
colograd[0]: -3.46592188  1.89221184  2.88856261 -0.64549009 -1.79434637  1.12498389
colograd[1]: -1.80001352  0.46288791  1.30407559  0.28647572 -0.39349201  0.14006630
colograd[2]: -0.10371066 -0.80402118 -0.31095294  0.88495577  0.82906498 -0.49533597
colograd[3]:  0.49533597 -0.82906498 -0.88495577  0.31095294  0.80402118  0.10371066
colograd[4]: -0.14006630  0.39349201 -0.28647572 -1.30407559 -0.46288791  1.80001352
colograd[5]: -1.12498389  1.79434637  0.64549009 -2.88856261 -1.89221184  3.46592188
