colograd[0]: -3.00000000  4.04508497 -1.54508497  0.50000000
colograd[1]: -0.80901699  0.00000000  1.11803399 -0.30901699
colograd[2]:  0.30901699 -1.11803399  0.00000000  0.80901699
colograd[3]: -0.50000000  1.54508497 -4.04508497  3.00000000
colograd[0]: -3.33200024  4.86015442 -2.10878235  0.58062817
colograd[1]: -0.75755761 -0.38441439  1.47067023 -0.32869822
colograd[2]:  0.32869822 -1.47067023  0.38441439  0.75755761
colograd[3]: -0.58062817  2.10878235 -4.86015442  3.33200024
